usb1:
  R:
  - [0.8730540008378059, -0.48654043538118974, -0.03248255470532077]
  - [-0.3022613708297772, -0.4877021518907685, -0.8190144533188766]
  - [0.3826418368725586, 0.7248620667273165, -0.5728526938878773]
  t: [-0.509010296671498, 1.4069830560968868, 2.0865730988376474]
usb2:
  R:
  - [0.8106102788177434, 0.5851965491275832, -0.021353565608313585]
  - [0.3428061925100255, -0.5037852397695841, -0.792896176410936]
  - [-0.47475771742205497, 0.6354096561112924, -0.608982494550319]
  t: [-3.463921470191262, 0.18086207213593106, 3.757561449327115]
usb3:
  R:
  - [-0.8070150938782115, -0.5900655005132371, 0.02343807493810751]
  - [-0.3294918217365748, 0.4169889597369927, -0.8470863868969761]
  - [0.49006303437563487, -0.6913341540539736, -0.5309381411963374]
  t: [3.4001408807654934, -0.9912828305656237, 4.770682583312825]
