usb1:
  R:
  - [0.8429308143404317, 0.537945396118173, -0.009077060682802507]
  - [0.3264179846901315, -0.5247448361731188, -0.786189643903098]
  - [-0.427690240134388, 0.6597405609062617, -0.6179186441505717]
  t: [-3.5323595622041712, -0.17316696560383582, 3.184005732065532]
usb2:
  R:
  - [0.9529736867386224, -0.3019699709562651, -0.025598613721643987]
  - [-0.1874549303866197, -0.5209889106480512, -0.8327251671803276]
  - [0.238121400671055, 0.7983637589610574, -0.5530944828146684]
  t: [-0.82188714450058, 1.309707973844915, 1.4452501211292679]
usb3:
  R:
  - [-0.6002792379943425, -0.7988076096158824, 0.03963886038588349]
  - [-0.49971686323679265, 0.3359028455191774, -0.798406121575292]
  - [0.624458079481491, -0.49907482524354935, -0.6008131371553126]
  t: [4.531271203116302, -0.4882731730054687, 3.8886273538500755]
