cam1:
  R:
  - [0.8822946694774495, -0.4702598227995951, -0.020293232176578756]
  - [-0.2698009169456189, -0.46992795036463236, -0.8404612939817033]
  - [0.38569882217474083, 0.7470096522312073, -0.5414914570391933]
  t: [-0.5379203281891306, 1.5355441125994236, 1.736674879239438]
cam2:
  R:
  - [-0.8340643821927879, -0.5507332508911975, 0.03208570897107249]
  - [-0.27199448069554705, 0.3599310328928472, -0.8924509252792828]
  - [0.47995375696885917, -0.7530886653797823, -0.45000205915970615]
  t: [3.0980166448652424, -0.5862380502217501, 4.847968318313531]
cam3:
  R:
  - [0.802524212284987, 0.5963136784913391, 0.019101977397339414]
  - [0.3641771182748388, -0.46424992925271613, -0.8073704414417722]
  - [-0.4725779461860177, 0.6548908306221549, -0.5897356057977418]
  t: [-3.610555508500031, 0.1547809569221077, 3.571253932277848]
