usb1:
  R:
  - [0.8413657716594161, 0.5403981962706895, -0.008568999202991145]
  - [0.3284580316507115, -0.5238508077330827, -0.7859361632356264]
  - [-0.4292073621503897, 0.6584452298443525, -0.618248266937419]
  t: [-3.52485074337461, -0.1875963802914687, 3.2219236918428225]
usb2:
  R:
  - [0.6287304935540344, -0.7761339930517559, -0.04810396350444601]
  - [-0.455795993196718, -0.31769842862192726, -0.8314551828192398]
  - [0.6300380774692252, 0.5446868212842082, -0.5535054540455653]
  t: [0.3961863218916303, 1.3348513983159973, 1.3550699069889178]
usb3:
  R:
  - [-0.6047039281584823, -0.7953444419313358, 0.04195685830270213]
  - [-0.49830092261759856, 0.33671337921781963, -0.7989494920044485]
  - [0.6213126023091363, -0.5040350374176862, -0.5999327722896963]
  t: [4.512731244447192, -0.4905121242508608, 3.877100501143588]
