usb1:
  R:
  - [0.9999265103024303, -0.009707477808559765, -0.007262153193115049]
  - [-0.011479081080481209, -0.5654556850547118, -0.8246987928552183]
  - [0.0038993194216029245, 0.8247215488356678, -0.5655255628122794]
  t: [-1.2945235182582682, 1.0740926951354335, 2.544548742185592]
usb2:
  R:
  - [0.8106159869636876, 0.5851841807931797, -0.021475479699015608]
  - [0.340769210611611, -0.5012341408129783, -0.795387126613585]
  - [-0.4762122077162944, 0.6374353383935432, -0.6057211591063021]
  t: [-3.465056996973424, 0.2006985671663605, 3.763330768728209]
usb3:
  R:
  - [-0.808397266737084, -0.5881696821289822, 0.023458136249585575]
  - [-0.3258950743023494, 0.41402159142920325, -0.8499285395701788]
  - [0.49019002404932543, -0.6947247993664274, -0.5263755251413189]
  t: [3.3987217666794036, -0.9746160551140662, 4.7832200718700495]
