usb1:
  R:
  - [0.8893439588224213, -0.45668431058680636, -0.022511405329664752]
  - [-0.2787692804375992, -0.5025328221802894, -0.8183816047027308]
  - [0.3624293188890302, 0.7340982244191623, -0.5742340861654476]
  t: [-0.4774760537108408, 1.3690767236768961, 2.105448376328744]
usb2:
  R:
  - [0.8101078043632423, 0.5858152217027166, -0.02336388946994228]
  - [0.34010986925431147, -0.5020417328541211, -0.7951599683765818]
  - [-0.47754646071935436, 0.6362190067062037, -0.6059494643616659]
  t: [-3.4625842524451897, 0.18514278372875403, 3.7724004261048014]
usb3:
  R:
  - [-0.7991356893730005, -0.600909330575896, 0.017033097110268042]
  - [-0.3361964090061864, 0.4232521397662602, -0.8413260965610344]
  - [0.49835140668175537, -0.6780601762455235, -0.5402594495686357]
  t: [3.420660873443138, -0.9991820827840466, 4.725426370448487]
