usb1:
  R:
  - [0.9652253368503242, -0.259836908261324, -0.028719857370357045]
  - [-0.1708248785858604, -0.5437487794313165, -0.8216788458534633]
  - [0.19788610349972385, 0.7980113069199896, -0.5692267070944114]
  t: [-0.2510820765217622, 1.3597280693649254, 2.15893473178386]
usb2:
  R:
  - [0.8122102747655554, 0.5831254020706135, -0.01671032690421094]
  - [0.3459223853014797, -0.5044903333180384, -0.7910924136508889]
  - [-0.4697362801749455, 0.636752910514463, -0.6114683622549618]
  t: [-3.4698184465375634, 0.17808439681347019, 3.7303696200444234]
usb3:
  R:
  - [-0.8108012933701154, -0.5847067954742299, 0.026818389131434504]
  - [-0.3271166465153107, 0.4146587882134698, -0.8491482726414233]
  - [0.48538228463956645, -0.6972632592382829, -0.5274732079210105]
  t: [3.391926214736607, -0.9815576440596336, 4.797039358948563]
