usb1:
  R:
  - [0.9669669106423836, -0.2537354771068327, -0.02435777863626076]
  - [-0.16308187770732877, -0.542376609393089, -0.8241552734447001]
  - [0.19590634212852062, 0.8009031909292312, -0.5658398924370731]
  t: [-0.22970166139071857, 1.338901675532622, 2.167039740974771]
usb2:
  R:
  - [0.8083995192899788, 0.5881726650403784, -0.023305220681861208]
  - [0.34453330343042066, -0.5048946872168898, -0.7914405585054892]
  - [-0.477270384623908, 0.6317707423737332, -0.6108016937120337]
  t: [-3.458901472050742, 0.17683169862446202, 3.803415005639847]
usb3:
  R:
  - [-0.8100011734542385, -0.5858010527550056, 0.027115043682128834]
  - [-0.3291493933922895, 0.4158822426912092, -0.8477633142827179]
  - [0.4853439768166949, -0.695614179560234, -0.5296811657615345]
  t: [3.395080068174703, -0.9899145286550842, 4.798866962976171]
