usb1:
  R:
  - [-0.8343489513336715, -0.5502864945153242, 0.03235121887098835]
  - [-0.27393175543452825, 0.3629781109058706, -0.8906224140272706]
  - [0.47835470184054873, -0.7519519033536927, -0.4535913516258862]
  t: [3.0952646467071845, -0.6052644722708879, 4.848243610729639]
usb2:
  R:
  - [0.8018143641953946, 0.5973101461240291, 0.017728922900891782]
  - [0.36512382354320294, -0.46621576784799934, -0.8058085698794053]
  - [-0.4730521312193052, 0.652582138237932, -0.5919106638688661]
  t: [-3.60798838901533, 0.14729957096995142, 3.578238225695786]
usb3:
  R:
  - [0.8043308051658853, -0.5934283873580094, -0.029911618793882926]
  - [-0.34137713471833775, -0.4203257715484252, -0.8407067845947949]
  - [0.48632664717522534, 0.686417507680197, -0.540663848798318]
  t: [-0.5791500296855338, 1.6326002051432555, 1.5961561396307642]
