usb1:
  R:
  - [0.9657775777698034, -0.25771029783565186, -0.029309941428638547]
  - [-0.17017734393489597, -0.5443216066836172, -0.821433904893528]
  - [0.1957379418721744, 0.7983103349492758, -0.5695500568210138]
  t: [-0.25507049749195443, 1.3601171182070573, 2.152705853882584]
usb2:
  R:
  - [0.8122422608495137, 0.583097185652719, -0.016130151082658906]
  - [0.3467504697004163, -0.5048831297684093, -0.7904790554074131]
  - [-0.4690699536877324, 0.6364673576540545, -0.6122766377939423]
  t: [-3.4684235567390456, 0.17645669890695734, 3.73021513690764]
usb3:
  R:
  - [-0.8075213669641728, -0.5894220942178867, 0.022154835682407177]
  - [-0.3263481130958889, 0.41518546118474564, -0.8491866354927893]
  - [0.4913309994037286, -0.692966541521747, -0.5276279194245906]
  t: [3.4003555097498928, -0.983716700713144, 4.780299042050651]
