usb1:
  R:
  - [-0.9971672192595875, -0.07461594896418605, 0.009486674563605038]
  - [-0.05309628338001071, 0.6089567866025121, -0.7914242962797975]
  - [0.053275900042433516, -0.7896860719367647, -0.6111935751165516]
  t: [1.0518217976846396, -1.9895449977338004, 5.4376043878094915]
usb2:
  R:
  - [-0.8276442463465141, 0.558706257004452, -0.053407114447289517]
  - [0.3848159942485594, 0.4956198633731561, -0.7786382995977447]
  - [-0.40856046316304684, -0.6649874204930869, -0.6251960320778973]
  t: [0.6398316499462079, -2.9434751299097077, 6.501372215722954]
usb3:
  R:
  - [0.9219633196379814, -0.38554794267100084, -0.036557094308384275]
  - [-0.25838462721547634, -0.5420568868045033, -0.7996322378984787]
  - [0.2884805394837453, 0.7466773837273825, -0.5993762282316497]
  t: [-1.2940426197190467, 1.2316057424237215, 1.5732817674127746]
