usb1:
  R:
  - [-0.9979639557278742, -0.06114537261797428, 0.01814349677935659]
  - [-0.05208974321868192, 0.6172141487163649, -0.7850690117917941]
  - [0.036804914337425415, -0.7844156666154377, -0.6191425201428773]
  t: [1.0171381191954854, -2.053427322207465, 5.535774170484676]
usb2:
  R:
  - [-0.9844005672336877, 0.16972789160156654, -0.04634615455979932]
  - [0.14289199980409956, 0.61756057380821, -0.773434427776305]
  - [-0.10265183691478266, -0.7679917841293369, -0.6321797370114444]
  t: [3.5256277863116923, -2.6750511865872473, 5.884149918782589]
usb3:
  R:
  - [0.9456821075667937, -0.3232476118582328, -0.03458804498633347]
  - [-0.22006361577204583, -0.5582110338790861, -0.7999827789827573]
  - [0.23928509448221116, 0.764140970687733, -0.5990252252410145]
  t: [-1.26927583959467, 1.1857952110184673, 1.6276005862961491]
