usb1:
  R:
  - [-0.9975131920574143, -0.06967265273928941, 0.010637346083430085]
  - [-0.05131441270495345, 0.6144796025416301, -0.7872621222369499]
  - [0.04831420826396714, -0.7858502017054846, -0.6165267210423853]
  t: [1.044819247045943, -2.0358644812650253, 5.470399451372451]
usb2:
  R:
  - [-0.9835565364885369, 0.1757447801464232, -0.041597016503094324]
  - [0.14275865288905248, 0.615489169758556, -0.775108411085331]
  - [-0.1106187441439124, -0.7683012782504066, -0.6304574841199165]
  t: [3.4947921978989696, -2.6599457734109437, 5.86505144655386]
usb3:
  R:
  - [0.8940468666173037, -0.44655846623241674, -0.0355771911192099]
  - [-0.2951778352173546, -0.5275035322792255, -0.796624170502839]
  - [0.33697217375946276, 0.7227209417673544, -0.6034270415242682]
  t: [-1.3320556099938432, 1.3075752861297896, 1.4923235798203065]
