picam_1:
  R:
  - [-0.06560731463445946, -0.9973955659054021, 0.029962733164687227]
  - [-0.526565212829234, 0.009099326946033548, -0.8500860420494112]
  - [0.8475994082728935, -0.07154919539290727, -0.5257907908418221]
  t: [4.630833854649968, 1.1457071279941196, 0.8959134003638348]
usb_cam_1:
  R:
  - [-0.32146675427391025, -0.9361751309635453, 0.14225065926731845]
  - [-0.593199762294556, 0.08200390306571215, -0.8008679053974332]
  - [0.7380875069463513, -0.3418354634138751, -0.5817003937099763]
  t: [4.247047375926547, 0.42519662248704504, 3.1130150284744778]
usb_cam_2:
  R:
  - [0.8884360532921466, -0.4588890128022953, 0.010112029470338513]
  - [-0.24707980233611662, -0.49669514259334385, -0.8320129245400718]
  - [0.3868241855006221, 0.7366918007236898, -0.5546640787524172]
  t: [-1.8609532781810656, 1.7219452524908585, 0.7437660871864155]
