usb1:
  R:
  - [-0.997585321217366, -0.06774989483167367, 0.015280007916945938]
  - [-0.05368111093249221, 0.6125745273122064, -0.7885878434374194]
  - [0.04406659983137158, -0.787503904903667, -0.6147322462184476]
  t: [1.0397144167236263, -2.0271629104994204, 5.486936888578883]
usb2:
  R:
  - [-0.8287655329989206, 0.5576282975385666, -0.04688681154925006]
  - [0.37679847638478914, 0.49413249116951496, -0.783489623010229]
  - [-0.4137276876245008, -0.666996074167494, -0.6196334703177633]
  t: [0.633450319609494, -2.921276047058796, 6.521409875844826]
usb3:
  R:
  - [0.9219633196379814, -0.38554794267100084, -0.036557094308384275]
  - [-0.25838462721547634, -0.5420568868045033, -0.7996322378984787]
  - [0.2884805394837453, 0.7466773837273825, -0.5993762282316497]
  t: [-1.2940426197190467, 1.2316057424237215, 1.5732817674127746]
