usb1:
  R:
  - [-0.998068948948467, -0.057260698810949494, 0.024074582376110633]
  - [-0.05409036545398228, 0.6106375074794316, -0.7900607994479678]
  - [0.030538590503771612, -0.7898373546692947, -0.6125555874033424]
  t: [0.9948383632507396, -2.0043657932587284, 5.552385335235428]
usb2:
  R:
  - [-0.8273927612061458, 0.5592500259825792, -0.05158126735700061]
  - [0.38268389046521845, 0.4941710232847941, -0.7806074812119496]
  - [-0.41106478647784295, -0.665608299365433, -0.6228895031494603]
  t: [0.6392207776247583, -2.93273015923305, 6.505502562674457]
usb3:
  R:
  - [0.8997497953055077, -0.43469123280457145, -0.03865020013581974]
  - [-0.2571171471506618, -0.45646082053197756, -0.8517830075555504]
  - [0.3526203035685863, 0.7763292158885402, -0.5224670995087465]
  t: [-1.29550243511014, 1.4249738828019665, 1.371807451897471]
