usb1:
  R:
  - [-0.9982059570257684, -0.05748778809319886, 0.016733845296921745]
  - [-0.048669169874509005, 0.6162825696342251, -0.7860197874537022]
  - [0.03487376179875111, -0.7854240565358234, -0.6179748151444489]
  t: [1.006764913580533, -2.0483127206335894, 5.5128728751450655]
usb2:
  R:
  - [-0.9838331802553707, 0.17353320605276093, -0.04425494125691711]
  - [0.14326361354170017, 0.6143437976587905, -0.7759234725880834]
  - [-0.1074607391728605, -0.7697193804726666, -0.6292728063894044]
  t: [3.4998052688063614, -2.657693829274504, 5.850371745878684]
usb3:
  R:
  - [0.8937465085527379, -0.4472201973500379, -0.03480335518285699]
  - [-0.29528307800899306, -0.5281498787492941, -0.7961567743972545]
  - [0.3376760019476152, 0.7218391792215902, -0.604088666546042]
  t: [-1.3300230666827813, 1.3096704173058318, 1.490185775220771]
