picam_1:
  R:
  - [-0.9994659949636182, 0.026567974366585555, 0.019022819177006954]
  - [-0.0027338566324394704, 0.512133016750015, -0.8589017983346184]
  - [-0.032561494733779, -0.8584951461089251, -0.511786902106841]
  t: [1.8813113298303983, -1.4299522299506513, 5.034924498413091]
usb_cam_1:
  R:
  - [-0.9619309425008653, 0.2730253821836293, -0.012083151198267042]
  - [0.1707094196427496, 0.5657459650462537, -0.8067154374865515]
  - [-0.21341779659773608, -0.778067248839948, -0.5908165539133121]
  t: [0.08730050521367433, -2.0411581864824284, 4.952428223265864]
usb_cam_2:
  R:
  - [0.9199277799197069, -0.3920839525989488, -0.0017475257895102903]
  - [-0.2448992090196356, -0.571103217188377, -0.783495687760081]
  - [0.3061980685006954, 0.7211874163013875, -0.6213947645538805]
  t: [-1.9743137762794767, 1.389198848533561, 0.37927841996000816]
