picam_1:
  R:
  - [-0.7642398150047495, -0.644932002499023, -0.0004661696111626368]
  - [-0.3719381695897639, 0.44133435046784397, -0.8166308768956405]
  - [0.5268771234013888, -0.6239284440139965, -0.5771601108761337]
  t: [3.5047183089637044, -0.9413510511137986, 4.363249250344393]
usb_cam_1:
  R:
  - [-0.8974535037880308, 0.44017913907808603, -0.028627505288831623]
  - [0.2944808650066606, 0.5495506482004358, -0.7818408439109651]
  - [-0.32841776548097407, -0.7100960572929244, -0.6228204883700663]
  t: [1.5684016004136612, -2.785969053583704, 6.0877958757461865]
usb_cam_2:
  R:
  - [0.9509228724448714, -0.3091781326216417, -0.012432737823558235]
  - [-0.18344976775818322, -0.5309591267932331, -0.8273019934609345]
  - [0.24918240983396767, 0.7889811708675702, -0.5616198346263909]
  t: [-0.323307480603272, 0.8714760842338388, 1.7041173000929335]
