usb1:
  R:
  - [-0.9978075926953258, -0.06413551198654005, 0.016329239473502018]
  - [-0.052423993612888756, 0.6153535225882987, -0.7865060502830525]
  - [0.04039471318420764, -0.7856377526191038, -0.617366656701161]
  t: [1.0256430318285623, -2.0467230291033816, 5.5221386865464535]
usb2:
  R:
  - [-0.984306147760883, 0.17039860005248825, -0.04588817473252732]
  - [0.1428120285303902, 0.6164181610437961, -0.7743599778154987]
  - [-0.10366355187415593, -0.7687606700628856, -0.6310791552391011]
  t: [3.524805066178349, -2.675267490339899, 5.895112740738192]
usb3:
  R:
  - [0.9457706504422154, -0.3232397240984059, -0.03215520994949175]
  - [-0.21907214307525974, -0.5616151972708405, -0.7978695171034222]
  - [0.2398442679959694, 0.7616458829135897, -0.6019719895063692]
  t: [-1.2692429554884583, 1.1904048518621761, 1.6278966821781715]
