usb1:
  R:
  - [-0.9974376755226891, -0.07139359511913979, 0.004586722561796944]
  - [-0.04784106469195005, 0.6179696159319319, -0.7847450454218116]
  - [0.053191314864695784, -0.7829537076742817, -0.6198017228614809]
  t: [1.0484417549176552, -2.0424041093682708, 5.430153999046939]
usb2:
  R:
  - [-0.8232865847004498, 0.5657808197185417, -0.04573033447159727]
  - [0.3838189792245357, 0.49552840946156074, -0.7791884153422274]
  - [-0.4181891804426612, -0.6590475396017431, -0.625119308536846]
  t: [0.5904923842641892, -2.9481167445808505, 6.523790243902671]
usb3:
  R:
  - [0.8946479429205481, -0.44542913259843425, -0.03461135739376617]
  - [-0.29424454096207614, -0.529150140894252, -0.7958770498673841]
  - [0.33619221933597687, 0.7222139684499324, -0.6044681756997226]
  t: [-1.3355225416394463, 1.3074499215815398, 1.4864198580691355]
