usb1:
  R:
  - [-0.997358668437634, -0.07206682236647884, 0.00905867574804706]
  - [-0.05157407311195056, 0.6148313016387399, -0.7869705112060141]
  - [0.05114490663744581, -0.7853590539614415, -0.6169241078818661]
  t: [1.048211226332636, -2.0383050674104815, 5.4756808384374125]
usb2:
  R:
  - [-0.8256640366740007, 0.5623598466251345, -0.045058866463211056]
  - [0.3804013092311531, 0.4959660979654821, -0.7805846998270708]
  - [-0.41662182189417174, -0.6616411660202596, -0.6234237924148647]
  t: [0.610733641233799, -2.940196765471927, 6.525174604649207]
usb3:
  R:
  - [0.9226038919879792, -0.3842103607014281, -0.0344159442455359]
  - [-0.25722768911091287, -0.5462770590212551, -0.7971294065217691]
  - [0.2874647359995534, 0.7442874266819013, -0.6028268839724555]
  t: [-1.2982917223414425, 1.2325686823670934, 1.5731682856044156]
