picam_1:
  R:
  - [-0.9994659949636182, 0.026567974366585555, 0.019022819177006954]
  - [-0.0027338566324394704, 0.512133016750015, -0.8589017983346184]
  - [-0.032561494733779, -0.8584951461089251, -0.511786902106841]
  t: [1.8813113298303983, -1.4299522299506513, 5.034924498413091]
usb_cam_1:
  R:
  - [-0.9619309425008653, 0.2730253821836293, -0.012083151198267042]
  - [0.1707094196427496, 0.5657459650462537, -0.8067154374865515]
  - [-0.21341779659773608, -0.778067248839948, -0.5908165539133121]
  t: [0.08730050521367433, -2.0411581864824284, 4.952428223265864]
usb_cam_2:
  R:
  - [0.8718423527892434, -0.4897849349731836, -0.0012764623892906335]
  - [-0.30424317801497786, -0.5395224380113366, -0.7850806503243154]
  - [0.3838319951674996, 0.6848549162819947, -0.619392236898493]
  t: [-1.9180213790256888, 1.5302555360297077, 0.17525670445897787]
